0.7009158 -3.3843172
0.1115484 -2.7326949
0.85971195 -3.148185
0.92812735 -3.2022855
0.89053464 -3.1461258
0.8016322 -3.2453763
0.71666247 -2.9065273
0.49656925 -3.1551197
0.48444143 -3.592981
0.1128428 -2.328807
0.34615794 -3.1347783
-0.50129646 -1.9518481
0.5095912 -3.1603975
0.937772 -2.6959436
0.83737487 -2.7142522
1.057462 -2.0307333
0.44334996 -2.5390525
1.0509678 -2.9043293
1.0975431 -2.8848522
-0.15041846 -2.7448568
0.53563124 -2.9325373
0.3192966 -3.0177677
0.8855745 -2.7899332
1.1197907 -3.0302508
0.6141344 -3.3639596
0.44023526 -2.9240427
0.67618626 -2.8157814
1.0811849 -2.682233
1.1795055 -2.6697237
0.9157607 -3.0116065
0.4368938 -3.0191224
0.9302829 -3.0078552
0.54411596 -3.2425308
0.8274724 -2.6521733
0.8217616 -2.7306242
0.5497932 -2.834608
1.4078711 -2.3334162
1.2695172 -2.5673437
0.20972836 -3.625183
1.0492408 -2.9573078
0.63714206 -3.2885134
0.9923056 -2.937234
0.21887563 -2.9086258
0.7872854 -3.2729282
0.41547325 -2.6640232
0.77009064 -3.16477
0.056928437 -1.0337903
0.45149603 -3.128773
0.8838239 -3.2266378
0.8787187 -2.8352559
