1.9407034 -2.923003
1.6677343 -2.8259976
1.9769131 -2.9455235
2.2117054 -2.3496811
2.094123 -2.783512
1.7924956 -2.9597921
2.0707211 -2.8267992
1.2571293 -2.566113
1.9154001 -2.0980887
0.9871402 -2.8633316
1.8607165 -1.8562855
0.473273 -0.74296707
2.2835095 -2.6959245
2.1721961 -2.6105757
1.737513 -3.063486
1.626052 -2.2911046
1.013505 -2.3006802
1.5676464 -2.7395084
2.2950058 -2.8294804
0.19403194 -1.7532517
1.4714718 -2.8652642
1.8876156 -2.5444589
1.692731 -3.4563386
2.0943367 -3.0093126
2.1918547 -2.073755
2.0636346 -2.349559
1.4000639 -2.425744
1.088747 -3.235336
1.9091462 -2.7825155
1.7479566 -2.8855135
0.828154 -2.6639748
1.7771592 -2.9678745
0.32928115 -3.3974907
1.5331408 -3.4817908
1.5430645 -3.1746523
1.0242289 -2.7628736
1.9336586 -3.1965246
2.144401 -2.8194075
2.1234958 -2.8856227
1.9717346 -2.9502795
1.6301465 -2.8970191
2.2843008 -2.7728024
1.7176527 -2.7485063
1.9300957 -2.8277137
1.6623688 -2.0936882
1.4180442 -3.3699691
-0.48712638 -0.9070279
1.8036782 -1.9578985
2.115241 -3.0039625
2.273103 -2.6937258
