1.877212 -2.3653047
1.4554337 -1.5636681
2.3104043 -1.3891994
2.235789 -2.016493
2.369055 -1.8459994
2.509558 -1.4437622
2.1479948 -1.5444435
2.0516648 -1.8686646
1.9777732 -0.97384614
1.6366868 -1.4986267
1.7335548 -1.9205917
1.60993 -1.0325743
1.6866654 -1.7825407
1.6400347 -1.7692991
2.6643767 -1.2329011
2.0080965 -1.4743255
1.8092775 -1.3491665
1.9395586 -1.6119844
1.9687996 -1.8621836
1.7970062 -1.3358828
1.6481401 -2.172496
1.6416305 -1.7617782
1.6105599 -2.151353
2.6324627 -1.3654646
2.2731066 -1.81368
1.5288754 -2.1651404
1.7068084 -2.1619747
1.7431111 -1.8756052
2.1452367 -1.4147143
2.4136872 -1.6794552
1.5585741 -2.496081
2.3812664 -1.5138865
1.679531 -2.363376
2.4042513 -1.5053841
1.7379564 -1.6951064
2.1926239 -0.92443925
2.259819 -1.4031903
2.22356 -1.6959647
1.9537796 -1.738176
2.0825136 -1.5655551
1.5148135 -2.0656095
2.1335137 -1.5667495
1.7915583 -2.1516936
2.3058069 -1.5928974
1.7139001 -1.5949305
1.9136333 -1.8791231
0.98103875 -0.7355175
1.8676847 -1.5735741
2.35261 -1.701708
1.7650565 -1.8848356
