1.5260253 -2.2775245
1.3029331 -1.010264
2.0201275 -1.3298963
2.1589348 -2.5542696
1.4492756 -1.7929794
1.5545979 -2.6097186
1.7104384 -1.9030151
1.7205919 -1.9949102
1.8031635 -1.501208
2.0388038 -0.55188996
1.9750185 -1.7311373
0.6509381 -0.31305477
1.9039512 -1.8253345
1.7735281 -1.2255629
1.7043024 -2.7148333
1.1975782 -1.3545433
1.4039713 -0.6239705
1.8585726 -1.6393563
1.6710974 -1.1499642
1.448803 -0.005809625
2.0053968 -1.6955152
1.7154435 -1.1570853
1.3247148 -1.636362
1.74961 -2.3899603
1.6881533 -2.7841394
1.8349499 -1.9065151
1.9107504 -1.6251845
1.7293166 -1.9951991
1.680996 -1.0785317
1.7134901 -2.1511228
1.715106 -1.7697693
1.7599846 -2.391009
1.7158152 -1.2798033
1.637671 -2.3380868
1.5536189 -1.5267538
1.7540694 -1.3387604
1.8590989 -1.263176
1.5730677 -2.0900679
1.5666099 -1.6287575
1.7598668 -1.5201753
1.330588 -2.4244642
1.5911163 -1.521994
1.5941445 -1.2371114
1.9793705 -1.7050657
1.9023832 -2.3470638
1.4462562 -1.5007066
1.1107486 -0.23584796
1.4796678 -1.0199351
1.7842407 -2.236663
1.8087358 -1.5272096
