2.8755128 -1.959043
1.1065428 -1.9966356
2.7612922 -2.1057894
2.5908737 -2.561077
2.830294 -2.164686
2.9719038 -2.1740324
2.944041 -2.1002414
1.7617754 -1.872674
1.907139 -2.0178149
1.6638054 -2.202833
1.7346007 -1.9914398
1.3382698 -1.0017161
2.57259 -1.8340741
2.6483977 -2.0209913
2.1562917 -2.516374
1.8789477 -1.7295364
1.4277374 -1.9594973
2.4434333 -2.1882803
1.8013495 -2.4836087
1.3798717 -1.5039697
1.8212155 -2.1409733
1.5625772 -2.4079175
1.670832 -2.5444553
2.695894 -2.4824274
2.9786024 -1.9531204
2.1585112 -2.278773
2.619773 -1.8655852
2.740798 -2.0678327
1.4662992 -2.5760791
2.9127162 -2.245074
2.2594302 -2.1877997
2.7426002 -2.502893
2.1704004 -1.9350594
1.7186238 -3.1684082
1.7094709 -2.669553
1.8942744 -2.2498186
1.7032801 -2.5588825
1.6723894 -1.9766859
2.690831 -2.101124
2.447295 -2.4121292
1.6714154 -2.4478917
1.9448838 -2.2902906
1.7009635 -2.7312145
2.4808338 -2.4250383
1.4029046 -2.500688
1.6464802 -2.1058033
1.0392238 -2.5093253
1.3461437 -1.9878174
2.9724102 -2.203722
2.1671267 -2.5063965
