1.0320265 -3.6309662
1.0706238 -0.80781746
1.1029147 -3.123109
1.4006647 -3.0541384
1.4194506 -2.7943373
1.4119555 -3.0573015
1.3765193 -2.2826278
1.2861364 -2.8435981
1.6861782 -2.2718832
1.0862397 -0.9444882
1.4757112 -2.145428
0.39735535 -2.0900717
1.2718233 -2.7683141
1.3809376 -2.6627047
0.9097469 -3.287178
1.2402912 -1.4392757
1.4892074 -1.5262426
1.8485357 -1.5849361
1.5534245 -2.4506981
1.1465298 -1.4305032
1.0669705 -2.7144115
1.3867244 -2.4169834
2.0697372 -1.4548699
1.8733636 -2.1806757
1.0940558 -2.858546
1.3935469 -2.4146495
1.3610874 -2.477031
1.3522353 -2.0389693
1.1218518 -2.151244
1.4176139 -2.8160331
1.4666414 -1.9270096
1.8004198 -2.5207567
0.9339393 -2.744126
1.4632515 -2.001049
1.9443377 -1.4576693
1.2031316 -2.8326366
1.8820513 -1.6532742
1.6236806 -2.2908814
1.6809412 -2.444332
1.7898902 -2.1677287
1.5795699 -1.9984235
1.5121951 -2.0669951
1.7362924 -1.8863367
0.739397 -3.5338306
1.4106579 -2.2666404
2.0466735 -1.3657202
0.40802488 -1.9388676
1.5660728 -2.056427
1.4892106 -2.7904577
1.8886241 -2.3498552
