1.6954285 -3.1307194
1.3536239 -2.2442598
2.1008084 -2.5709832
1.6344622 -3.0969563
1.9619778 -2.6928627
1.6794668 -3.11977
1.9979407 -2.357667
1.680621 -2.0051274
2.0531507 -1.9161634
1.4878329 -1.8962475
1.2475914 -2.8597043
1.3370981 -0.99661356
1.7415365 -3.0901773
1.7564198 -2.5602655
1.9690741 -2.4490707
1.2978796 -2.4426296
0.93372107 -1.4805232
1.5866472 -2.8794594
1.7545112 -2.7740185
1.1180941 -1.2510017
1.5303446 -2.3034313
1.7727071 -2.656377
1.5291442 -2.7884247
1.7086312 -2.8602667
2.0551302 -2.6363811
1.5364677 -2.6993382
1.0949426 -2.7298882
1.6148968 -2.5612648
1.0381851 -3.1133106
1.4756898 -2.9925213
0.59295976 -2.398648
1.7417955 -2.7289655
1.0689969 -2.449524
1.8158718 -2.84068
1.6600174 -2.7096748
1.6037983 -2.199119
1.4128405 -2.7370417
1.4809216 -2.7196171
1.645905 -3.0416334
1.6740004 -2.7274818
1.9356809 -2.6247694
1.4606689 -3.1679878
2.053532 -2.4659991
1.7809563 -2.8825767
1.19387 -2.957444
1.5738344 -2.452112
1.4972267 -1.0195205
1.5081135 -1.9322352
1.6273052 -3.1085541
1.7946602 -2.8533976
